dirt,0,0,16,16
grass,20,0,16,16
snow,40,0,16,16
sand,60,0,16,16
gravel,80,0,16,16
stone,100,0,16,16
stonexleaf,120,0,16,16
Tnt,140,0,16,16
brick,160,0,16,16
ice,180,0,16,16
book,0,19,16,16
stone1,20,19,16,16
table,40,19,16,16
furnace,60,19,16,16
chest,80,19,16,16
bigchest,102,19,32,16
plank,140,19,16,16
sugarcane,160,19,4,16
sugarcane1,164,19,4,16
sugarcane2,168,19,4,16
sugarcane3,172,19,4,16
leaf,180,19,16,16
coal,0,38,16,16
iron,20,38,16,16
gold,40,38,16,16
diamond,60,38,16,16
redstone,80,38,16,16
lapis,100,38,16,16
obsidian,120,38,16,16
pumpkin,140,38,16,16
pumpkin2,160,38,16,16
catus,179,38,18,16
sandstone,0,57,16,16
stone3,20,57,16,16
sprite41,40,57,16,16
ice1,60,57,16,16
bedrock,80,57,16,16
ice3,100,57,16,16
sprite45,120,57,16,16
gold1,140,57,16,16
diamond1,160,57,16,16
lapis1,180,57,16,16
stair,0,76,16,16
stair1,20,76,16,16
ledder,121,76,14,16
fence,140,76,16,16
sprite53,180,76,16,16
smallwood,40,84,16,8
smallstone,60,84,16,8
smallsand,80,84,16,8
sprite57,100,84,16,8
sprite58,161,84,14,8
sprite59,40,95,16,16
sprite60,60,95,16,16
sprite61,80,95,16,16
sprite62,100,95,16,16
sprite63,120,95,16,16
sprite64,150,100,6,11
sprite65,3,101,30,10
sprite66,140,103,6,8
sprite67,160,105,6,6
sprite68,168,105,8,6
sprite69,0,114,16,32
sprite70,20,114,16,32
wood4,100,114,16,16
whitewood,120,114,16,16
brownwood,140,114,16,16
sprite74,43,118,10,12
sprite75,63,118,10,12
sprite76,83,118,10,12
sprite77,0,149,16,16
sprite78,20,149,16,16
sprite79,40,149,16,16
sprite80,60,149,16,16
sprite81,80,149,16,16
sprite82,100,149,16,16
sprite83,120,149,16,16
sprite84,140,149,16,16
sprite85,160,149,16,16
sprite86,180,149,16,16
sprite87,140,167,16,7
sprite88,160,167,16,7
sprite89,0,168,16,16
sprite90,20,168,16,16
sprite91,40,168,16,16
sprite92,60,168,16,16
sprite93,80,168,16,16
sprite94,100,168,16,6
sprite95,120,168,16,6
sprite96,180,168,16,16
sprite97,140,177,16,7
sprite98,160,177,16,7
sprite99,100,178,16,6
sprite100,120,178,16,6
sprite101,0,187,16,16
stone10,20,187,16,16
sprite103,40,187,16,16
sprite104,60,187,16,16
sprite105,100,187,16,16
sprite106,138,187,6,12
sprite107,179,188,4,11
sprite108,173,189,2,10
sprite109,187,189,2,10
sprite110,152,190,8,9
sprite111,145,191,6,12
sprite112,161,191,8,9
sprite113,120,192,16,11
sprite114,85,194,6,4
sprite115,0,206,16,16
sprite116,22,206,32,16
sprite117,80,206,16,16
sprite118,100,206,16,16
sprite119,120,206,16,16
sprite120,140,206,16,16
sprite121,159,208,10,11
sprite122,60,211,16,1
sprite123,60,215,16,1
sprite124,0,229,16,16
sprite125,21,229,10,16