row01_01,7,22,89,57
row01_02,101,21,89,54
row01_03,194,18,89,55
row01_04,288,15,89,59
row01_05,382,15,89,58
row01_06,477,14,89,61
row01_07,568,11,89,66

row02_01,7,100,84,60
row02_02,102,100,82,59
row02_03,191,100,76,59
row02_04,276,100,71,59
row02_05,357,100,72,59
row02_06,436,101,69,58
row02_07,511,101,71,58

row03_01,21,187,6,3
row03_02,31,187,16,6
row03_03,50,187,16,8
row03_04,71,187,20,12
row03_05,94,187,27,16
row03_06,128,187,32,19
row03_07,166,187,36,18
row03_08,208,187,39,16
row03_09,252,187,40,17
row03_10,297,187,40,17
row03_11,340,187,40,18
row03_12,384,187,40,16
row03_13,429,187,40,18
row03_14,473,187,40,19
row03_15,518,187,40,20

row04_01,10,229,80,17
row04_02,95,231,77,15
row04_03,176,230,68,17
row04_04,252,232,59,15
row04_05,318,234,54,14

row05_01,11,257,80,12
row05_02,99,259,80,12
row05_03,185,260,79,12
row05_04,269,263,68,12
row05_05,342,263,74,12

row06_01,10,287,80,11
row06_02,99,287,80,11
row06_03,185,288,80,11
row06_04,273,287,61,11
row06_05,341,289,62,11

row07_01,7,312,80,7
row07_02,89,313,68,7
row07_03,160,313,60,6
row07_04,224,314,75,6
row07_05,307,314,80,7

row08_01,10,336,80,11
row08_02,95,334,80,11
row08_03,183,336,80,11
row08_04,270,337,61,11
row08_05,337,334,62,11

row09_01,7,361,80,12
row09_02,92,359,80,12
row09_03,180,357,79,12
row09_04,263,358,68,12
row09_05,336,357,74,11

row10_01,8,390,80,17
row10_02,95,387,80,17
row10_03,181,385,72,17
row10_04,261,382,62,17
row10_05,330,380,77,15

row11_01,7,479,14,25
row11_02,24,479,12,25
row11_03,39,479,12,25
row11_04,54,479,12,25
row11_05,69,479,12,25
row11_06,84,479,12,25
row11_07,99,480,14,25

row12_01,7,525,29,30
row12_02,43,525,29,31
row12_03,78,526,29,29
row12_04,112,528,35,28
row12_05,153,529,38,26
row12_06,196,531,32,22
row12_07,233,534,31,17
row12_08,268,536,25,14
row12_09,297,537,23,9

row13_01,12,565,23,13
row13_02,42,566,25,17
row13_03,72,565,27,22
row13_04,105,565,29,25
row13_05,139,565,30,28
row13_06,175,565,32,29
row13_07,220,571,25,25